/Attraction_Review-g1196717-d2144146-Reviews-Therme_Aqualux-Fohnsdorf_Styria.html
/Attraction_Review-g1196717-d15348571-Reviews-Dieselkino_Fohnsdorf-Fohnsdorf_Styria.html
/Attraction_Review-g1196717-d12884499-Reviews-Tourismusverband_Fohnsdorf-Fohnsdorf_Styria.html
/Attraction_Review-g1196717-d12882518-Reviews-Sporthalle_Fohnsdorf-Fohnsdorf_Styria.html
/Attraction_Review-g1196717-d12882477-Reviews-Burgruine_Fohnsdorf-Fohnsdorf_Styria.html
/Attraction_Review-g1196717-d12882476-Reviews-Kath_Pfarrkirche_hl_Rupert_und_Friedhof-Fohnsdorf_Styria.html
/Attraction_Review-g1196717-d12882464-Reviews-Rattenberger_Teich-Fohnsdorf_Styria.html
/Attraction_Review-g1196717-d12882457-Reviews-Sillweger_Aussichtswarte-Fohnsdorf_Styria.html
/Attraction_Review-g1196717-d12882455-Reviews-Bergbaumuseum_Fohnsdorf-Fohnsdorf_Styria.html
