/Attraction_Review-g1423538-d7102625-Reviews-Villa_Trivulzio-Agrate_Brianza_Province_of_Monza_and_Brianza_Lombardy.html
/Attraction_Review-g1423538-d7394155-Reviews-Parco_Aldo_Moro-Agrate_Brianza_Province_of_Monza_and_Brianza_Lombardy.html
/Attraction_Review-g1423538-d7394032-Reviews-Chiesa_Parrocchiale_Sant_Eusebio-Agrate_Brianza_Province_of_Monza_and_Brianza_Lo.html
/Attraction_Review-g1423538-d7394033-Reviews-Chiesa_Santa_Maria_Annunciata-Agrate_Brianza_Province_of_Monza_and_Brianza_Lomba.html
/Attraction_Review-g1423538-d7597720-Reviews-Chiesa_di_S_Anna-Agrate_Brianza_Province_of_Monza_and_Brianza_Lombardy.html
/Attraction_Review-g1423538-d7620411-Reviews-La_Casa_Natale_di_Padre_Clemente-Agrate_Brianza_Province_of_Monza_and_Brianza_Lo.html
/Attraction_Review-g1423538-d5926511-Reviews-Il_Piccolo_bar-Agrate_Brianza_Province_of_Monza_and_Brianza_Lombardy.html
/Attraction_Review-g1423538-d5923643-Reviews-Flower_Cafe-Agrate_Brianza_Province_of_Monza_and_Brianza_Lombardy.html
/Attraction_Review-g1423538-d4547389-Reviews-Paren_Caffe-Agrate_Brianza_Province_of_Monza_and_Brianza_Lombardy.html
/Attraction_Review-g1423538-d17827840-Reviews-Vasca_Volano_di_Gae-Agrate_Brianza_Province_of_Monza_and_Brianza_Lombardy.html
