/Attraction_Review-g10838834-d12987433-Reviews-Pro_Loco_San_Cono-San_Cono_Province_of_Catania_Sicily.html
