/Attraction_Review-g6895961-d9883344-Reviews-Santuario_della_Madonna_del_Monte_Castellano-Raveo_Province_of_Udine_Friuli_Vene.html
/Attraction_Review-g6895961-d9813184-Reviews-Cascata_di_Cladonde-Raveo_Province_of_Udine_Friuli_Venezia_Giulia.html
/Attraction_Review-g6895961-d10398900-Reviews-Aldo_Bonanni_Biscotti_Esse_di_Raveo-Raveo_Province_of_Udine_Friuli_Venezia_Giul.html
/Attraction_Review-g6895961-d12075181-Reviews-Castello_di_Raveo-Raveo_Province_of_Udine_Friuli_Venezia_Giulia.html
/Attraction_Review-g6895961-d11864478-Reviews-Casa_di_Mian-Raveo_Province_of_Udine_Friuli_Venezia_Giulia.html
