/Attraction_Review-g7038224-d10347584-Reviews-Chiesa_del_Santissimo_Salvatore-Castelpagano_Province_of_Benevento_Campania.html
