/Attraction_Review-g3741484-d17727484-Reviews-Chiesa_Santa_Maria-Nibbiola_Province_of_Novara_Piedmont.html
/Attraction_Review-g3741484-d17723855-Reviews-Chiesa_di_Santa_Caterina-Nibbiola_Province_of_Novara_Piedmont.html
/Attraction_Review-g3741484-d17721396-Reviews-Castello_dei_Tornielli-Nibbiola_Province_of_Novara_Piedmont.html
