/Attraction_Review-g1092809-d10044066-Reviews-Azienda_Agricola_Zootecnica_La_Pederbona-Spinetta_Province_of_Alessandria_Piedm.html
/Attraction_Review-g1092809-d12061804-Reviews-Torre_di_Teodolinda-Spinetta_Province_of_Alessandria_Piedmont.html
/Attraction_Review-g1092809-d1599325-Reviews-BELLAVITA_Parco_del_Benessere-Spinetta_Province_of_Alessandria_Piedmont.html
/Attraction_Review-g1092809-d8761271-Reviews-Uci_Cinemas-Spinetta_Province_of_Alessandria_Piedmont.html
