/Attraction_Review-g2239718-d12839148-Reviews-Forra_dell_Emmisi-Rofrano_Province_of_Salerno_Campania.html
