/Attraction_Review-g7754625-d10712005-Reviews-Tenute_Tomasella_Italia-Mansue_Province_of_Treviso_Veneto.html
/Attraction_Review-g7754625-d9996841-Reviews-Chiesa_dei_Santissimi_Mauro_e_Macario-Mansue_Province_of_Treviso_Veneto.html
/Attraction_Review-g7754625-d9996854-Reviews-Chiesa_Parrocchiale_di_San_Mansueto-Mansue_Province_of_Treviso_Veneto.html
/Attraction_Review-g7754625-d12172885-Reviews-Villa_Aganoor_Zecchinato_Arrigoni-Mansue_Province_of_Treviso_Veneto.html
/Attraction_Review-g7754625-d12172876-Reviews-Chiesa_Parrocchiale_di_San_Giorgio_in_Basalghelle-Mansue_Province_of_Treviso_Ve.html
/Attraction_Review-g7754625-d12172864-Reviews-Villa_Calzavara-Mansue_Province_of_Treviso_Veneto.html
/Attraction_Review-g7754625-d9465743-Reviews-Azienda_Agricola_Le_Baite-Mansue_Province_of_Treviso_Veneto.html
