/Attraction_Review-g1473568-d12807157-Reviews-Chiesa_della_Madonna_del_Carmelo-Bolognetta_Province_of_Palermo_Sicily.html
/Attraction_Review-g1473568-d12807263-Reviews-Museo_della_Casa_Contadina-Bolognetta_Province_of_Palermo_Sicily.html
