/Attraction_Review-g8498761-d8491337-Reviews-Rogatec_Open_Air_Museum-Rogatec_Styria_Region.html
