location_name, location_tags,lat,lng,review_id,review_date,user_id,review_rate,place_rate,username,parent_url
Il Sentiero Degli Dei, Sights & Landmarks & Lookouts, #lat#, #lng#, 286244673, 20150706, 0A40D0606BF772712768F3E009483470, 5.0, 5.0, nascarcave, /Attraction_Review-g194863-d678798-Reviews-Il_Sentiero_Degli_Dei-Positano_Amalfi_Coast_Province_of_Salerno_Campania.html
Il Sentiero Degli Dei, Sights & Landmarks & Lookouts, #lat#, #lng#, 286157793, 20150706, 49E04D2E54B24C196C45D1F2A55FCA49, 5.0, 5.0, Wckbrad, /Attraction_Review-g194863-d678798-Reviews-Il_Sentiero_Degli_Dei-Positano_Amalfi_Coast_Province_of_Salerno_Campania.html
Il Sentiero Degli Dei, Sights & Landmarks & Lookouts, #lat#, #lng#, 286001511, 20150706, A9C7A5A4D6876E43E1A8B901D63923B7, 5.0, 5.0, ברק מ, /Attraction_Review-g194863-d678798-Reviews-Il_Sentiero_Degli_Dei-Positano_Amalfi_Coast_Province_of_Salerno_Campania.html
Il Sentiero Degli Dei, Sights & Landmarks & Lookouts, #lat#, #lng#, 285206794, 20150702, 125722FB5903C4F708F20F86D5C7620F, 5.0, 5.0, 2sac1001, /Attraction_Review-g194863-d678798-Reviews-Il_Sentiero_Degli_Dei-Positano_Amalfi_Coast_Province_of_Salerno_Campania.html
Il Sentiero Degli Dei, Sights & Landmarks & Lookouts, #lat#, #lng#, 285016300, 20150702, 00979C13D5EFD8F959519E980A35294F, 5.0, 5.0, Wiggy82, /Attraction_Review-g194863-d678798-Reviews-Il_Sentiero_Degli_Dei-Positano_Amalfi_Coast_Province_of_Salerno_Campania.html
Il Sentiero Degli Dei, Sights & Landmarks & Lookouts, #lat#, #lng#, 284724252, 20150701, 62E0BE3666DD28A65DBA8B644174E5BB, 5.0, 5.0, gmasters123, /Attraction_Review-g194863-d678798-Reviews-Il_Sentiero_Degli_Dei-Positano_Amalfi_Coast_Province_of_Salerno_Campania.html
Il Sentiero Degli Dei, Sights & Landmarks & Lookouts, #lat#, #lng#, 284560816, 20150630, 23A77F8ACF3316FDF66C2759CABE5F7B, 5.0, 5.0, 783rachellel, /Attraction_Review-g194863-d678798-Reviews-Il_Sentiero_Degli_Dei-Positano_Amalfi_Coast_Province_of_Salerno_Campania.html
Il Sentiero Degli Dei, Sights & Landmarks & Lookouts, #lat#, #lng#, 284488750, 20150630, 7E12AFF9CD69463CB82E339FA7964B36, 5.0, 5.0, TransformedTraveler, /Attraction_Review-g194863-d678798-Reviews-Il_Sentiero_Degli_Dei-Positano_Amalfi_Coast_Province_of_Salerno_Campania.html
Il Sentiero Degli Dei, Sights & Landmarks & Lookouts, #lat#, #lng#, 284142290, 20150630, 2625326AF16138CE10A034A5A32EA22F, 5.0, 5.0, dmhfcjh, /Attraction_Review-g194863-d678798-Reviews-Il_Sentiero_Degli_Dei-Positano_Amalfi_Coast_Province_of_Salerno_Campania.html
Il Sentiero Degli Dei, Sights & Landmarks & Lookouts, #lat#, #lng#, 283996804, 20150629, D1E357DC40C83067045AAD286A2FA9EC, 5.0, 5.0, DavidCarolKt, /Attraction_Review-g194863-d678798-Reviews-Il_Sentiero_Degli_Dei-Positano_Amalfi_Coast_Province_of_Salerno_Campania.html
