location_name, location_tags,lat,lng,review_id,review_date,user_id,review_rate,place_rate,username,parent_url
Sistine Chapel, Sights & Landmarks & Museums & Points of Interest & Landmarks & Art Museums & Historic Sites & Sacred & Religious Sites & Architectural Buildings & More, #lat#, #lng#, 695678712, 20190805, 6A56F153CAC731183D419D3B57F7A183, 5.0, 4.5, Nilima P, /Attraction_Review-g187793-d190130-Reviews-Sistine_Chapel-Vatican_City_Lazio.html
Sistine Chapel, Sights & Landmarks & Museums & Points of Interest & Landmarks & Art Museums & Historic Sites & Sacred & Religious Sites & Architectural Buildings & More, #lat#, #lng#, 695223245, 20190803, 3B43DA4F0AFDB9B00FC4B7F634734F12, 5.0, 4.5, T4232XIjohnb, /Attraction_Review-g187793-d190130-Reviews-Sistine_Chapel-Vatican_City_Lazio.html
Sistine Chapel, Sights & Landmarks & Museums & Points of Interest & Landmarks & Art Museums & Historic Sites & Sacred & Religious Sites & Architectural Buildings & More, #lat#, #lng#, 695189283, 20190803, 5FBDABF56F312940131A67E73AEA6C6C, 5.0, 4.5, MariaP303, /Attraction_Review-g187793-d190130-Reviews-Sistine_Chapel-Vatican_City_Lazio.html
Sistine Chapel, Sights & Landmarks & Museums & Points of Interest & Landmarks & Art Museums & Historic Sites & Sacred & Religious Sites & Architectural Buildings & More, #lat#, #lng#, 695076770, 20190802, 9BFF17841F0D71EF73FFD5AB87272746, 5.0, 4.5, RaktimRay, /Attraction_Review-g187793-d190130-Reviews-Sistine_Chapel-Vatican_City_Lazio.html
Sistine Chapel, Sights & Landmarks & Museums & Points of Interest & Landmarks & Art Museums & Historic Sites & Sacred & Religious Sites & Architectural Buildings & More, #lat#, #lng#, 694908826, 20190802, D17043A9C510B00E12F5FF460D1B782F, 5.0, 4.5, 366DanL, /Attraction_Review-g187793-d190130-Reviews-Sistine_Chapel-Vatican_City_Lazio.html
Sistine Chapel, Sights & Landmarks & Museums & Points of Interest & Landmarks & Art Museums & Historic Sites & Sacred & Religious Sites & Architectural Buildings & More, #lat#, #lng#, 694762771, 20190801, E8C8FEADA39E163A860FC5ADB452790D, 5.0, 4.5, Emmalovestotravel25, /Attraction_Review-g187793-d190130-Reviews-Sistine_Chapel-Vatican_City_Lazio.html
Sistine Chapel, Sights & Landmarks & Museums & Points of Interest & Landmarks & Art Museums & Historic Sites & Sacred & Religious Sites & Architectural Buildings & More, #lat#, #lng#, 694754522, 20190801, D72BF4FECE0440D1BC181013CB4EF149, 5.0, 4.5, JoeMamaCooksBetter, /Attraction_Review-g187793-d190130-Reviews-Sistine_Chapel-Vatican_City_Lazio.html
Sistine Chapel, Sights & Landmarks & Museums & Points of Interest & Landmarks & Art Museums & Historic Sites & Sacred & Religious Sites & Architectural Buildings & More, #lat#, #lng#, 694729419, 20190801, 9D0C9D1578E904B274C461EB09B1AB59, 4.0, 4.5, LoveToTravelTerrie, /Attraction_Review-g187793-d190130-Reviews-Sistine_Chapel-Vatican_City_Lazio.html
Sistine Chapel, Sights & Landmarks & Museums & Points of Interest & Landmarks & Art Museums & Historic Sites & Sacred & Religious Sites & Architectural Buildings & More, #lat#, #lng#, 694584298, 20190801, 3FD701D52AA81050CEE1DE033008417A, 5.0, 4.5, ariannaper, /Attraction_Review-g187793-d190130-Reviews-Sistine_Chapel-Vatican_City_Lazio.html
Sistine Chapel, Sights & Landmarks & Museums & Points of Interest & Landmarks & Art Museums & Historic Sites & Sacred & Religious Sites & Architectural Buildings & More, #lat#, #lng#, 694574708, 20190731, 9730D16A06AD28DFED399C0B0E5A34F0, 5.0, 4.5, nicolekellerusa, /Attraction_Review-g187793-d190130-Reviews-Sistine_Chapel-Vatican_City_Lazio.html
